23
89 //i
23
94
23
21 // want
23
94 
23
38 // these 
23
94
23
84 // 6
23
94
23
59
23
99
50   
1 //prints want
119
9
2
1
97
9
2
1
110
9
2
1
116
9
2
24  
1 //prints these
116
9
2
1
104
9
2
1
101
9
2
1
115
9
2
1
101
9
2
24
1 //prints points
112
9
2
1
111
9
2
1
105
9
2
1
110
9
2
1
116
9
2
1
115
9
2
24
1  // prints 6
6
9
1
24
1  //prints i
73
9
2
24 
1 //prints a space
95
9
2
24
1 //prints a new line
10
9
2
24





.1000
30

